[Measuring Options]
CalibMassStart=1.000000
CalibMassStop=60.000000
CalibMassStep=0.250000
MassSetupDelay=0.150000
ScanTime=60
CalibMassSetupDelay=0.100000

[CAMAC]
AdcIntegration=3
AdcRange=0

[Recent Files]
EasyPlotDir=F:\SER

[ThermoRegulator]
ThermoCoupleFile=D:\Projects\Programming\Kratos\Spec\Archive\TCouple\CR-AL.TCF
TRFunctionFile=C:\Documents and Settings\Алексей.HONEY\Мои документы\1.trf
PrimeTemp=100.000000
BetaPlus=3.000000
Temp1=300.000000
Time1=20.000000
BetaMinus=3.000000
Temp2=100.000000
Time2=20.000000
HeatingRate=3.000000
CoolingRate=7.000000
Repeat=0
ColdEndsTemp=20.000000
SyncStartDxps=0
SyncStartMsp=0
StartDelay=10.000000

[Interface]
MainToolBarRect.left=-2
MainToolBarRect.top=0
MainToolBarRect.right=234
MainToolBarRect.bottom=26
TRToolBarRect.left=232
TRToolBarRect.top=0
TRToolBarRect.right=387
TRToolBarRect.bottom=26

[View]
Column1Width=71
Column0Width=134
ListWidth=132
ShowList=1

[Mass Table]
EntryCount=3
Entry_00=1,23.000000,
Entry_01=1,56.000000,
Entry_02=1,79.000000,
Entry_03=1,40.000000,

[Default Doc]
ScanTime=86399000

[Mass Calibration]
a=0
b=0.041666667
c=0
EntryCount=5
Entry_00=0,4.000000,
Entry_01=1,18.000000,
Entry_02=0,28.000000,
Entry_03=0,40.000000,
Entry_04=1,44.000000,

[SerialLink]
ComPortName=COM1
BaudRate=57600

[PID]
PidKp=1.000000
PidKi=1.000000
PidKd=1.000000

[TReg]
PidKp=4.000000
PidKi=0.062500
PidKd=0.015625
TRegKff=0.390625
PidDerivativeBy=1
PidViMinMax=2000.000000
PidZeroVi=50.000000
PidViDecay=0.898000
PidDifShift=16
FeedForwTemp0=0.000000
FeedForwTemp1=30.000000
FeedForwTemp2=100.000000
FeedForwTemp3=1000.000000
FeedForwOut0=0.000000
FeedForwOut1=30.000000
FeedForwOut2=110.000000
FeedForwOut3=500.000000

[Appearance]
ThermoHistKeepTime=1800
ThermoHistShowPower=1
CalibSeriesNew=0100000001000000000000000000000000000000
CalibSeriesLast=0000000001000000000000000300000000000000
MspSeriesAll=0000000000000000000000000000000000000000
ThermoSeriesTRef=0000000000000000000000000000000000000000
ThermoSeriesTMeas=0000000000000000000000000000000000000000
ThermoSeriesPower=0000000000000000000000000000000000000000

[Protection]
ProtectionMaxI=5.000000
ProtectionMaxU=10.000000
ProtectionMaxP=60.000000
LimitationMaxI=3.400000

[Communication]
SerialLinkOutServer=vm-honey

