[Measuring Options]
CalibMassStart=1.000000
CalibMassStop=60.000000
CalibMassStep=0.250000
MassSetupDelay=0.150000
ScanTime=60
CalibMassSetupDelay=0.100000

[CAMAC]
AdcIntegration=3
AdcRange=0

[Recent Files]
EasyPlotDir=E:\AISt\Cu_Ta_2010

[ThermoRegulator]
ThermoCoupleFile=D:\Projects\Programming\Kratos\Spec\Archive\TCouple\CR-AL.TCF
TRFunctionFile=C:\Documents and Settings\Алексей.HONEY\Мои документы\1.trf
PrimeTemp=50.000000
BetaPlus=2.000000
Temp1=420.000000
Time1=15.000000
BetaMinus=3.000000
Temp2=50.000000
Time2=15.000000
HeatingRate=2.000000
CoolingRate=5.000000
Repeat=0
ColdEndsTemp=20.000000
StartDelay=0.000000
SyncStartDxps=0
SyncStartMsp=0

[Interface]
MainToolBarRect.left=4
MainToolBarRect.top=0
MainToolBarRect.right=240
MainToolBarRect.bottom=26
TRToolBarRect.left=239
TRToolBarRect.top=0
TRToolBarRect.right=394
TRToolBarRect.bottom=26

[SerialLink]
ComPortName=COM1
BaudRate=57600

[PID]
PidKp=1.000000
PidKi=1.000000
PidKd=1.000000

[View]
Column1Width=60
Column0Width=60
ListWidth=100
ShowList=1

[Mass Table]
EntryCount=4
Entry_00=1,18.000000,
Entry_01=1,28.000000,
Entry_02=1,32.000000,
Entry_03=1,44.000000,

[Default Doc]
ScanTime=600000

[Mass Calibration]
a=-0.0337449355
b=0.025381706
c=6.82376012e-006
EntryCount=6
Entry_00=0,4.000000,
Entry_01=1,18.000000,
Entry_02=1,28.000000,
Entry_03=0,32.000000,
Entry_04=1,44.000000,
Entry_05=0,16.000000,

[TReg]
PidKp=2.500000
PidKi=0.015625
PidKd=0.015625
TRegKff=0.000000
PidDifShift=10
PidViDecay=0.996000
PidViMinMax=2000.000000
PidZeroVi=70.000000
FeedForwTemp0=0.000000
FeedForwTemp1=30.000000
FeedForwTemp2=100.000000
FeedForwTemp3=2000.000000
FeedForwOut0=0.000000
FeedForwOut1=30.000000
FeedForwOut2=100.000000
FeedForwOut3=2000.000000

[Appearance]
ThermoHistKeepTime=1800
ThermoHistShowPower=1
CalibSeriesNew=0100000001000000000000000006000000000000
CalibSeriesLast=0000000001000000000000000300000000000000
MspSeriesAll=0000000000000000000000000000000000000000
ThermoSeriesTRef=0000000000000000000000000000000000000000
ThermoSeriesTMeas=0000000000000000000000000000000000000000
ThermoSeriesPower=0000000000000000000000000000000000000000

[Protection]
ProtectionMaxI=50.000000
ProtectionMaxU=50.000000
ProtectionMaxP=100.000000
LimitationMaxI=15.000000

